Group,Detector,Value_0,Value_1,Value_2,Value_3,Value_4,Value_5,Value_6,Value_7,Value_8,Value_9,Value_10,Value_11,Value_12,Value_13,Value_14,Value_15,Value_16,Value_17,Value_18,Value_19,Value_20,Value_21,Value_22,Value_23,Value_24,Value_25,Value_26,Value_27,Value_28,Value_29,Value_30,Value_31,Value_32,Value_33,Value_34,Value_35,Value_36,Value_37,Value_38,Value_39,Value_40,Value_41,Value_42,Value_43,Value_44,Value_45,Value_46,Value_47,Value_48,Value_49,Value_50,Value_51,Value_52,Value_53,Value_54,Value_55,Value_56,Value_57,Value_58,Value_59,Value_60,Value_61,Value_62,Value_63,Value_64,Value_65,Value_66,Value_67,Value_68,Value_69,Value_70,Value_71,Value_72,Value_73,Value_74,Value_75,Value_76,Value_77,Value_78,Value_79,Value_80
group_0,ET_1,625.1623565283652,5505.886555418517,495517.5628197137,1593.7249736879708,-630.3203366008771,-658566.3362635383,-391.10195152010226,-576851.2766343312,-325.8926327841224,5505.886555418517,125797.2912109208,11420314.71828445,204.69672088831646,1391.2037877127004,-39926445.58632727,-8737.217406781063,-38076704.95211058,-8835.948402372449,495517.5628197137,11420314.71828445,1036986962.8695822,639.8366491229052,134072.91960633456,-3584633997.809868,-792854.8579188362,-3415443962.624547,-802623.3349456574,1593.7249736879708,204.69672088831646,639.8366491229052,6628.2859623191725,-2848.148288429626,-7402.540132276594,-288.88962535323117,-7986.858725702921,0.04277739232685884,-630.3203366008771,1391.2037877127004,134072.91960633456,-2848.148288429626,1259.0174455201038,-2478826.813980315,-83.40204920185057,-2460849.2572382893,-209.5438052824455,-658566.3362635383,-39926445.58632727,-3584633997.809868,-7402.540132276594,-2478826.813980315,376758877308.5871,14734577.898342825,380754070401.3058,14771025.138232242,-391.10195152010226,-8737.217406781063,-792854.8579188362,-288.88962535323117,-83.40204920185057,14734577.898342825,1239.4481534931656,14631573.670665942,1238.540265911347,-576851.2766343312,-38076704.95211058,-3415443962.624547,-7986.858725702921,-2460849.2572382893,380754070401.3058,14631573.670665942,384905084755.2933,14664086.261928352,-325.8926327841224,-8835.948402372449,-802623.3349456574,0.04277739232685884,-209.5438052824455,14771025.138232242,1238.540265911347,14664086.261928352,1250.409626138848
group_0,ET_2,704.8891037718846,3832.1091450676795,416671.7163743665,-1700.1006419311436,-910.5105317232,-389619.5370134621,439.4384296311525,-320425.2313673105,-265.5412253129017,3832.1091450676795,109653.0578582111,9846207.775967713,2567.7672971981906,2917.6995693521144,-34702969.962273724,9829.331383332665,-33111846.3065145,-7627.635270129168,416671.7163743665,9846207.775967713,893588681.1065993,583.3012039786976,133330.58287769769,-3108047586.104724,904640.6334835272,-2962545473.8770537,-692224.7247113665,-1700.1006419311436,2567.7672971981906,583.3012039786976,5731.303566322857,3241.373208337648,-6700.794382758014,-310.43216229094566,-7211.978704841138,0.06403994712012136,-910.5105317232,2917.6995693521144,133330.58287769769,3241.373208337648,1873.0544338746186,-2461069.7743879333,94.85383359876607,-2443813.455376842,-207.39018067614242,-389619.5370134621,-34702969.962273724,-3108047586.104724,-6700.794382758014,-2461069.7743879333,329279258214.12024,-16655584.430581803,332798783276.92676,12856707.268406946,439.4384296311525,9829.331383332665,904640.6334835272,-310.43216229094566,94.85383359876607,-16655584.430581803,1854.5051554005918,-16535151.029266242,-1409.5432757607643,-320425.2313673105,-33111846.3065145,-2962545473.8770537,-7211.978704841138,-2443813.455376842,332798783276.92676,-16535151.029266242,336453910632.4064,12766607.581274133,-265.5412253129017,-7627.635270129168,-692224.7247113665,0.06403994712012136,-207.39018067614242,12856707.268406946,-1409.5432757607643,12766607.581274133,1081.1892468691008
group_0,ET_3,1710.9748249659704,-2015.7427259110598,-65343.11245941218,241.87222923222004,-3232.8282086396816,1297176.4090775293,-68.96036319386707,1288689.500216329,106.67523036078933,-2015.7427259110598,3539.9363567828104,177150.42417423578,-171.56784018861822,3912.886603285291,-1449582.2921802723,-1496.5219075778157,-1422781.9920185357,-180.13075739472146,-65343.11245941218,177150.42417423578,11123941.284049628,3.6551273064613286,132416.74804227223,-37069182.58406449,-126772.61210937552,-35235941.30149205,-8559.249925963326,241.87222923222004,-171.56784018861822,3.6551273064613286,69.64893141448532,-446.67358038790337,-51.80766401397213,-474.03123323660026,-57.46875012724577,-0.0022049807636363213,-3232.8282086396816,3912.886603285291,132416.74804227223,-446.67358038790337,6117.640853388712,-2446237.775031065,-13.196257451505785,-2428729.131221201,-206.5035998452801,1297176.4090775293,-1449582.2921802723,-37069182.58406449,-51.80766401397213,-2446237.775031065,3713381380.7702703,2197796.0206508245,3750812469.645493,149282.62390516285,-68.96036319386707,-1496.5219075778157,-126772.61210937552,-474.03123323660026,-13.196257451505785,2197796.0206508245,6104.593990755646,2178503.3245535167,194.2485527973377,1288689.500216329,-1422781.9920185357,-35235941.30149205,-57.46875012724577,-2428729.131221201,3750812469.645493,2178503.3245535167,3789820110.165667,147993.29286557273,106.67523036078933,-180.13075739472146,-8559.249925963326,-0.0022049807636363213,-206.5035998452801,149282.62390516285,194.2485527973377,147993.29286557273,13.137637820575808
group_1,ET_1,6065.8129772491175,1114.314307223723,-640100.9894380742,-104.7901591144607,-3247.427324766774,4292851.122197926,-1527.8392513646104,4177879.5151906563,639.5702771214909,1114.314307223723,3603.4330724688803,-191300.33990777007,889.112112117175,1517.1577955647253,-4613403.884290826,-1529.3986834670663,-4666456.661127277,-101.44715398248904,-640100.9894380742,-191300.33990777007,69411965.84780599,-51.60255547134668,296353.8969140826,-286205858.26242465,164987.3381792692,-273097156.77756166,-60603.12401955395,-104.7901591144607,889.112112117175,-51.60255547134668,524.1319847643433,605.0660156422446,-626.4018735970155,-1065.9800254110091,-672.1663706808703,0.02320770351142073,-3247.427324766774,1517.1577955647253,296353.8969140826,605.0660156422446,3054.0343386269765,-5750271.160746787,84.67793111059811,-5709130.337404527,-482.5429028294673,4292851.122197926,-4613403.884290826,-286205858.26242465,-626.4018735970155,-5750271.160746787,30309741961.48886,-3240873.722567503,30633311784.32067,1184141.7444489396,-1527.8392513646104,-1529.3986834670663,164987.3381792692,-1065.9800254110091,84.67793111059811,-3240873.722567503,2902.5170225942866,-3218667.50870433,-269.5101641900574,4177879.5151906563,-4666456.661127277,-273097156.77756166,-672.1663706808703,-5709130.337404527,30633311784.32067,-3218667.50870433,30969365443.820293,1175876.5370545853,639.5702771214909,-101.44715398248904,-60603.12401955395,0.02320770351142073,-482.5429028294673,1184141.7444489396,-269.5101641900574,1175876.5370545853,98.86600415857643
group_1,ET_2,37744.99108912518,35113.41596758988,-4810438.8095579045,191.9791874957515,-2832.390163015165,21330619.549016003,-2713.108955161805,20431038.70952007,4264.749749792458,35113.41596758988,33824.4142520804,-4471819.026914525,2181.0584969082984,-1869.2024796000069,12957066.362541694,-2630.820820586393,12099781.55414328,3622.1436441913884,-4810438.8095579045,-4471819.026914525,613431985.0692909,892.3265832586559,361719.03848896304,-2516145021.499548,336124.2033473711,-2400351017.274578,-534640.3999486497,191.9791874957515,2181.0584969082984,892.3265832586559,4615.534812630498,1227.3353374878172,-2244.882858992349,-744.6532988597683,-2539.6175615099155,-0.0930935976287955,-2832.390163015165,-1869.2024796000069,361719.03848896304,1227.3353374878172,724.1031998596609,-7019533.135980191,171.35935016477396,-6969601.873572664,-588.5133757131335,21330619.549016003,12957066.362541694,-2516145021.499548,-2244.882858992349,-7019533.135980191,265614221976.1582,-6490350.406108844,268439527460.9876,10396256.658597412,-2713.108955161805,-2630.820820586393,336124.2033473711,-744.6532988597683,171.35935016477396,-6490350.406108844,463.1918304494152,-6443076.102949818,-546.5206889778462,20431038.70952007,12099781.55414328,-2400351017.274578,-2539.6175615099155,-6969601.873572664,268439527460.9876,-6443076.102949818,271374454526.74323,10322564.058305457,4264.749749792458,3622.1436441913884,-534640.3999486497,-0.0930935976287955,-588.5133757131335,10396256.658597412,-546.5206889778462,10322564.058305457,870.7459094499998
group_1,ET_3,26805.041693238752,22816.825972063492,-3369737.734494117,1079.0231359453035,-3257.0938446981295,14924695.862266138,3576.649589191174,14293238.219118305,2989.0561036344156,22816.825972063492,22101.55958517423,-2991300.2006295975,-1763.5729882359017,-1093.8685332791154,6294939.5367367165,3429.635019060128,5713067.848906046,2307.2049960544114,-3369737.734494117,-2991300.2006295975,429634029.2950239,932.7662733037744,333659.2397345206,-1757824148.2271693,-483246.5992127956,-1676563773.1770191,-374526.2648633574,1079.0231359453035,-1763.5729882359017,932.7662733037744,3230.0226911718255,-1766.1823822896172,-908.3302696122471,-833.3129309497756,-1093.6091755797088,-0.13169087420003608,-3257.0938446981295,-1093.8685332791154,333659.2397345206,-1766.1823822896172,1451.4080598984315,-6481626.597621243,-246.5167690894648,-6435124.066339707,-543.9020499898477,14924695.862266138,6294939.5367367165,-1757824148.2271693,-908.3302696122471,-6481626.597621243,184803206499.31903,9379947.804273432,186760452029.54922,7249325.2992345095,3576.649589191174,3429.635019060128,-483246.5992127956,-833.3129309497756,-246.5167690894648,9379947.804273432,1230.2310169001787,9313118.515195321,786.5377637293024,14293238.219118305,5713067.848906046,-1676563773.1770191,-1093.6091755797088,-6435124.066339707,186760452029.54922,9313118.515195321,188794144775.4431,7197033.655975506,2989.0561036344156,2307.2049960544114,-374526.2648633574,-0.13169087420003608,-543.9020499898477,7249325.2992345095,786.5377637293024,7197033.655975506,609.3044181703443
group_2,ET_1,25568.368314888085,-29253.42654536309,-4795726.099229895,-526.9743087569319,9491.548581599327,14915182.24949557,2896.83611967228,14132578.049911235,3616.127103725435,-29253.42654536309,61734.048834208224,5528198.306018466,5188.6463916806515,-22012.656834031128,-87729231.09510809,-2548.2344960169617,-86982358.84546578,-7844.508931965344,-4795726.099229895,5528198.306018466,901903920.4033802,-672.3948726646602,-1796094.3410709305,-3127333002.854259,-653666.4900529352,-2980480534.100528,-697983.5436837465,-526.9743087569319,5188.6463916806515,-672.3948726646602,5773.220467408973,-2027.7683219843939,-8512.186155950412,5329.96890114431,-9058.618809747979,0.10783886780010991,9491.548581599327,-22012.656834031128,-1796094.3410709305,-2027.7683219843939,7924.751467683286,33256336.895903006,749.395187771253,33020855.526657537,2802.2628516374816,14915182.24949557,-87729231.09510809,-3127333002.854259,-8512.186155950412,33256336.895903006,330338333896.4392,12071439.871541483,333858887487.80554,12917506.722215263,2896.83611967228,-2548.2344960169617,-653666.4900529352,5329.96890114431,749.395187771253,12071439.871541483,5873.556584360436,11985080.596772112,1018.6289283627898,14132578.049911235,-86982358.84546578,-2980480534.100528,-9058.618809747979,33020855.526657537,333858887487.80554,11985080.596772112,337515697601.24207,12825868.92740491,3616.127103725435,-7844.508931965344,-697983.5436837465,0.10783886780010991,2802.2628516374816,12917506.722215263,1018.6289283627898,12825868.92740491,1088.7852204623816
group_2,ET_2,51499.57914802793,-34792.92599109215,-9560502.722118178,-1133.095479642082,9636.93354608165,31391673.780856013,1001.7032539492868,29836639.72611506,7296.358167694752,-34792.92599109215,35847.10361190038,6504982.853026639,2003.8572372986737,-11404.206138446938,-91133554.07121968,-988.7998166910287,-90229052.6493,-8599.791834527647,-9560502.722118178,6504982.853026639,1779962616.24455,-1304.666862451812,-1805784.0570513364,-6175464671.169134,-251365.8880124713,-5885497156.800707,-1378360.5757846995,-1133.095479642082,2003.8572372986737,-1304.666862451812,11398.776981289358,-779.6036148136075,-12580.92772582989,3288.482088389801,-13596.333369292783,0.29524397611058406,9636.93354608165,-11404.206138446938,-1805784.0570513364,-779.6036148136075,3744.3341090836793,33421623.9372687,288.4522567020365,33184669.037113123,2817.2096355779836,31391673.780856013,-91133554.07121968,-6175464671.169134,-12580.92772582989,33421623.9372687,652348221456.1057,4653206.717385115,659300889100.6609,25508909.63184119,1001.7032539492868,-988.7998166910287,-251365.8880124713,3288.482088389801,288.4522567020365,4653206.717385115,1020.1095868608961,4620185.663721309,391.9186695320493,29836639.72611506,-90229052.6493,-5885497156.800707,-13596.333369292783,33184669.037113123,659300889100.6609,4620185.663721309,666522621230.5168,25327992.964921713,7296.358167694752,-8599.791834527647,-1378360.5757846995,0.29524397611058406,2817.2096355779836,25508909.63184119,391.9186695320493,25327992.964921713,2150.2990715866786
group_2,ET_3,32873.16179132106,-29696.172280693274,-6116798.291178754,-923.3543223166295,9081.773085032508,19707005.51761183,-5331.785879479759,18710878.19238638,4647.908169020354,-29696.172280693274,54535.00261530912,5798083.05476881,-7071.517438055395,-19048.95163438351,-88667873.4340136,3602.2599481060665,-87876775.25367181,-8053.275396354697,-6116798.291178754,5798083.05476881,1143586476.9498255,-682.5400078336104,-1795694.0805563421,-3964355151.8270044,900001.0657964257,-3778306145.315789,-884501.190190507,-923.3543223166295,-7071.517438055395,-682.5400078336104,7315.758171024314,2796.1656923354617,-5884.25892942897,4754.7317056861175,-6490.183504221744,-0.19207283587112234,9081.773085032508,-19048.95163438351,-1795694.0805563421,2796.1656923354617,6754.044780853047,33232594.84209005,-1034.1187300827364,32996821.63151802,2801.016167442386,19707005.51761183,-88667873.4340136,-3964355151.8270044,-5884.25892942897,33232594.84209005,418949715064.84015,-16674516.281366602,423416892811.1473,16378435.425187904,-5331.785879479759,3602.2599481060665,900001.0657964257,4754.7317056861175,-1034.1187300827364,-16674516.281366602,4520.358853834621,-16556831.565850422,-1404.9914619615606,18710878.19238638,-87876775.25367181,-3778306145.315789,-6490.183504221744,32996821.63151802,423416892811.1473,-16556831.565850422,428056825837.75385,16262497.967098296,4647.908169020354,-8053.275396354697,-884501.190190507,-0.19207283587112234,2801.016167442386,16378435.425187904,-1404.9914619615606,16262497.967098296,1380.0639814031574
group_3,ET_1,16210.153646128629,-12273.874801773592,1277577.806546436,-1119.8665875894496,-511.7760235119125,-4033009.102479557,5088.8783080750345,-3787446.209498303,-1055.3209606087603,-12273.874801773592,15289.26248310283,-1218610.8686017366,-1247.078214152096,-3944.8215765422024,7053818.3239171505,-4189.162942130268,6830793.700035665,1163.9424790285068,1277577.806546436,-1218610.8686017366,111229306.78803352,77.40678868836156,141214.9490937455,-468369597.23980176,411938.9491696701,-447337593.7683528,-97769.65404526539,-1119.8665875894496,-1247.078214152096,77.40678868836156,852.1346165487075,1548.859272261471,-569.2523559385266,-487.1399658104512,-628.8839597573044,-0.0002488063362204593,-511.7760235119125,-3944.8215765422024,141214.9490937455,1548.859272261471,3146.5193552533005,-2765333.7895618,83.52494426662038,-2746184.6890642364,-230.63374916138866,-4033009.102479557,7053818.3239171505,-468369597.23980176,-569.2523559385266,-2765333.7895618,50379438346.42634,-8138935.1454926245,50925891401.48732,1951905.9640736885,5088.8783080750345,-4189.162942130268,411938.9491696701,-487.1399658104512,83.52494426662038,-8138935.1454926245,3114.9884809606224,-8083877.068321932,-675.0886911115747,-3787446.209498303,6830793.700035665,-447337593.7683528,-628.8839597573044,-2746184.6890642364,50925891401.48732,-8083877.068321932,51492913059.069725,1939218.8399941972,-1055.3209606087603,1163.9424790285068,-97769.65404526539,-0.0002488063362204593,-230.63374916138866,1951905.9640736885,-675.0886911115747,1939218.8399941972,160.68547373407165
group_3,ET_2,79948.42309663724,-66271.59535029557,6577139.552860153,-1560.0857328006882,1206.483079469368,-25659945.59361022,2171.9849418096896,-24409427.19533412,-5679.137647095387,-66271.59535029557,55017.27783797163,-5464503.717773648,994.2345823831183,-1087.8907051850338,24349963.194856822,-1840.720366743214,23321431.64541854,4867.260861630375,6577139.552860153,-5464503.717773648,545261022.5838594,4.863105016667227,122336.45284440777,-2271329806.1711206,175464.73308211955,-2167825469.320305,-478615.2330513151,-1560.0857328006882,994.2345823831183,4.863105016667227,4152.229820766844,652.3059223099813,-2197.2221979150727,-237.84271860980095,-2491.5155048419842,0.12077813671678547,1206.483079469368,-1087.8907051850338,122336.45284440777,652.3059223099813,153.63869802862177,-2398319.474817639,35.268277547085106,-2381683.7718028,-199.99564794661285,-25659945.59361022,24349963.194856822,-2271329806.1711206,-2197.2221979150727,-2398319.474817639,240959593857.11905,-3330825.249334014,243538274258.1461,9402170.482803801,2171.9849418096896,-1840.720366743214,175464.73308211955,-237.84271860980095,35.268277547085106,-3330825.249334014,116.94846258510617,-3304902.8258993477,-284.34510843402586,-24409427.19533412,23321431.64541854,-2167825469.320305,-2491.5155048419842,-2381683.7718028,243538274258.1461,-3304902.8258993477,246216062507.99734,9337278.834031899,-5679.137647095387,4867.260861630375,-478615.2330513151,0.12077813671678547,-199.99564794661285,9402170.482803801,-284.34510843402586,9337278.834031899,783.0045674487399
group_3,ET_3,25349.059575366435,-21522.00581549026,2125301.3763985788,530.5370695121344,691.8944447496405,-7500009.122875955,-5117.10754505593,-7092340.827512175,-1797.7128921992826,-21522.00581549026,23638.887880004266,-1898722.2872342977,2192.24506830896,-3934.298563779492,9842369.444303367,4281.974920518522,9488976.951874726,1760.1748510909586,2125301.3763985788,-1898722.2872342977,179918665.6592642,-80.20757773456822,116717.66929010606,-742644547.891078,-436436.80952594755,-708395446.8098432,-157710.70970151588,530.5370695121344,2192.24506830896,-80.20757773456822,1362.958345347395,-1636.3989170821153,-659.3220660654774,-367.17857616875517,-757.7801864604955,0.06460542583575862,691.8944447496405,-3934.298563779492,116717.66929010606,-1636.3989170821153,2106.4581930790964,-2291192.5644616885,-88.63693059936753,-2275289.086036712,-190.8758846158015,-7500009.122875955,9842369.444303367,-742644547.891078,-659.3220660654774,-2291192.5644616885,77898086724.50183,8545179.204964574,78722303095.27557,3057462.3158251,-5117.10754505593,4281.974920518522,-436436.80952594755,-367.17857616875517,-88.63693059936753,8545179.204964574,2078.5073800636387,8485530.905927692,713.281091783502,-7092340.827512175,9488976.951874726,-708395446.8098432,-757.7801864604955,-2275289.086036712,78722303095.27557,8485530.905927692,79578756313.7507,3035347.645333695,-1797.7128921992826,1760.1748510909586,-157710.70970151588,0.06460542583575862,-190.8758846158015,3057462.3158251,713.281091783502,3035347.645333695,257.0372956514243
group_4,ET_1,17584.059898826836,-63325.67895214456,3848000.398358796,-614.6395201216558,-10678.980207756875,-47912615.62016679,-779.2941304239341,-47291201.90561325,-4942.743586422749,-63325.67895214456,292023.76502289245,-17547913.574403223,2539.2242770694265,32494.033289729297,66886261.99239655,2819.948656190626,63557159.88937368,15046.28889950948,3848000.398358796,-17547913.574403223,1057964926.3568349,1429.3159183160083,-2002394.6524803191,-4373608961.048734,-71216.36585227173,-4173116743.376195,-925847.0366049509,-614.6395201216558,2539.2242770694265,1429.3159183160083,8009.891185792951,-149.3455231539279,-10178.531509183125,5194.749442489436,-10791.852609886188,-0.33884589190591813,-10678.980207756875,32494.033289729297,-2002394.6524803191,-149.3455231539279,7072.005383264007,39105226.23113327,153.50704329101842,38830593.46829024,3268.4101555898214,-47912615.62016679,66886261.99239655,-4373608961.048734,-10178.531509183125,39105226.23113327,462247776353.16626,1316867.1972715151,467173401767.91504,18076499.2228619,-779.2941304239341,2819.948656190626,-71216.36585227173,5194.749442489436,153.50704329101842,1316867.1972715151,3377.900431005347,1305015.4621275351,115.53414407245711,-47291201.90561325,63557159.88937368,-4173116743.376195,-10791.852609886188,38830593.46829024,467173401767.91504,1305015.4621275351,472289594151.578,17949420.96185313,-4942.743586422749,15046.28889950948,-925847.0366049509,-0.33884589190591813,3268.4101555898214,18076499.2228619,115.53414407245711,17949420.96185313,1511.1246177013186
group_4,ET_2,18186.96615817018,-65259.16956453069,3828561.204443843,234.55625410548495,-9823.462276346349,-48473163.83912158,1547.0938032626682,-47856579.312545486,-4959.407230706038,-65259.16956453069,298120.00659734465,-17395053.603013214,3584.3057569237567,30583.11817102889,73522599.31696287,-2577.504479053459,70240367.3417344,15284.032163875041,3828561.204443843,-17395053.603013214,1020668448.223446,-827.4883232380355,-1774084.098268824,-4220400764.677486,257042.29730243576,-4026698372.5355787,-893874.4240086678,234.55625410548495,3584.3057569237567,-827.4883232380355,7732.539517683475,539.9006205980406,-4776.5292538225785,3936.4453939668037,-5362.201973004734,0.433599123770187,-9823.462276346349,30583.11817102889,-1774084.098268824,539.9006205980406,5778.319869379071,34535850.55731426,-557.9904538609662,34290183.02522504,2893.748269754989,-48473163.83912158,73522599.31696287,-4220400764.677486,-4776.5292538225785,34535850.55731426,445290470836.5135,-5008353.76162776,450028087295.6919,17427487.216926627,1547.0938032626682,-2577.504479053459,257042.29730243576,3936.4453939668037,-557.9904538609662,-5008353.76162776,2124.7976169355734,-4972889.032118481,-419.5958342679149,-47856579.312545486,70240367.3417344,-4026698372.5355787,-5362.201973004734,34290183.02522504,450028087295.6919,-4972889.032118481,454949437264.45825,17304192.204441044,-4959.407230706038,15284.032163875041,-893874.4240086678,0.433599123770187,2893.748269754989,17427487.216926627,-419.5958342679149,17304192.204441044,1458.659611608225
group_4,ET_3,18220.174490886835,-59723.314063497375,3638268.099318211,-546.0746190488426,-8971.201407443585,-47087276.961432055,-1185.0728183670922,-46504168.30973883,-4764.894708674035,-59723.314063497375,257983.8032440853,-15434574.339096919,4219.566261380046,24783.791283383354,58293953.29481098,4456.040947726949,55351336.899585195,13235.70684771578,3638268.099318211,-15434574.339096919,933139661.3461996,935.4582122470161,-1545936.8320543652,-3874757355.0345325,-161800.34822294023,-3697386386.5341196,-818841.8777020167,-546.0746190488426,4219.566261380046,935.4582122470161,7094.133975461936,-342.4686957722725,-5475.155354786882,3084.734550261077,-5974.164600784238,-0.10231624289364169,-8971.201407443585,24783.791283383354,-1545936.8320543652,-342.4686957722725,4787.292648532901,30247868.80793041,354.3091842524931,30036076.45905719,2526.2690013011093,-47087276.961432055,58293953.29481098,-3874757355.0345325,-5475.155354786882,30247868.80793041,409237084797.8373,3231109.7646960337,413597453977.07623,16004721.64242443,-1185.0728183670922,4456.040947726949,-161800.34822294023,3084.734550261077,354.3091842524931,3231109.7646960337,1394.436431456334,3209756.4874610845,266.4288618398915,-46504168.30973883,55351336.899585195,-3697386386.5341196,-5974.164600784238,30036076.45905719,413597453977.07623,3209756.4874610845,418126541567.90295,15892210.234851617,-4764.894708674035,13235.70684771578,-818841.8777020167,-0.10231624289364169,2526.2690013011093,16004721.64242443,266.4288618398915,15892210.234851617,1337.7365010337257
group_5,ET_1,7968.301166865753,11300.86618065899,-723801.0158332404,1468.5102616832066,-733.9196555715821,-1516235.2617983301,2486.8810940655612,-1667451.8231002435,408.4477271782898,11300.86618065899,30885.495511284815,-1850149.4212307725,-192.3256673084849,4364.941799691856,9870961.908781309,4544.3758768606785,9529105.377445312,1724.448831579805,-723801.0158332404,-1850149.4212307725,111681776.36662409,357.09953921712247,-233052.6312839464,-448584351.9660528,-265208.6802015487,-427393505.9259305,-96969.80601104285,1468.5102616832066,-192.3256673084849,357.09953921712247,830.3300007904595,-964.6302948085336,-524.0540594825994,775.2759827568234,-576.6942539046818,-0.05141974427857881,-733.9196555715821,4364.941799691856,-233052.6312839464,-964.6302948085336,2034.3753806365619,4499090.948301523,137.34606527673319,4466686.768136049,378.2258782549691,-1516235.2617983301,9870961.908781309,-448584351.9660528,-524.0540594825994,4499090.948301523,46135441592.407585,5054852.244456635,46613301224.81584,1830236.0789635987,2486.8810940655612,4544.3758768606785,-265208.6802015487,775.2759827568234,137.34606527673319,5054852.244456635,1903.979399164901,5016299.918840794,429.7383329527274,-1667451.8231002435,9529105.377445312,-427393505.9259305,-576.6942539046818,4466686.768136049,46613301224.81584,5016299.918840794,47110469780.42803,1815885.5079184189,408.4477271782898,1724.448831579805,-96969.80601104285,-0.05141974427857881,378.2258782549691,1830236.0789635987,429.7383329527274,1815885.5079184189,156.57779239354565
group_5,ET_2,17598.82916777063,30443.926343285046,-2037046.417704971,-1575.0994095823196,760.7158112993264,3608702.9768733517,-3725.6070550692693,3213007.3747749245,1532.02701729502,30443.926343285046,63760.48258019511,-4034582.4199553854,1397.3914828888564,5987.81976074288,18309253.662998192,-6408.8285825474595,17559409.11535399,3590.782213396004,-2037046.417704971,-4034582.4199553854,259496556.70241365,95.32990003038324,-304261.46141837264,-1072931595.1197582,443771.8255153364,-1024188714.6588616,-226149.61247035992,-1575.0994095823196,1397.3914828888564,95.32990003038324,1960.217386405086,1622.408794327934,437.5172137908382,891.1422726521608,309.87531620887023,0.13844017633592698,760.7158112993264,5987.81976074288,-304261.46141837264,1622.408794327934,2007.0322098858794,5914942.138631653,-231.31200550608213,5872889.726438295,495.56170069371285,3608702.9768733517,18309253.662998192,-1072931595.1197582,437.5172137908382,5914942.138631653,114662025958.69272,-8646655.840369347,115896733141.59933,4459354.895246264,-3725.6070550692693,-6408.8285825474595,443771.8255153364,891.1422726521608,-231.31200550608213,-8646655.840369347,1819.0262679983325,-8585982.693322789,-722.845825159218,3213007.3747749245,17559409.11535399,-1024188714.6588616,309.87531620887023,5872889.726438295,115896733141.59933,-8585982.693322789,117178447362.72044,4429358.06571227,1532.02701729502,3590.782213396004,-226149.61247035992,0.13844017633592698,495.56170069371285,4459354.895246264,-722.845825159218,4429358.06571227,369.6666474897528
group_5,ET_3,42610.74812618369,75957.22076565157,-4894092.85619219,1332.2015287175957,2503.7387690321375,15898165.789867386,333.3750345184138,14965402.789452232,4048.459914207657,75957.22076565157,136529.0081236475,-8806929.924013251,1027.4503522511575,4849.4667359937075,38879296.13818593,437.1299684477484,37231906.669680625,7797.468729573259,-4894092.85619219,-8806929.924013251,569355973.8503789,833.1944526674931,-309441.88354520965,-2326306967.91384,-18749.89757556957,-2218791432.7614117,-495697.53100412193,1332.2015287175957,1027.4503522511575,833.1944526674931,4275.412274516868,-74.67607917202314,263.68884934550283,579.8717881415417,-1.2740444891528568,0.1068366334390436,2503.7387690321375,4849.4667359937075,-309441.88354520965,-74.67607917202314,315.52913900178413,5989463.30794581,10.66133231609212,5946340.775795601,503.2462491115274,15898165.789867386,38879296.13818593,-2326306967.91384,263.68884934550283,5989463.30794581,244565937573.2812,477062.16141402454,247156695212.739,9592679.133090105,333.3750345184138,437.1299684477484,-18749.89757556957,579.8717881415417,10.66133231609212,477062.16141402454,80.08896214192994,476438.3772698856,33.316978710030504,14965402.789452232,37231906.669680625,-2218791432.7614117,-1.2740444891528568,5946340.775795601,247156695212.739,476438.3772698856,249848608821.1222,9523546.954805618,4048.459914207657,7797.468729573259,-495697.53100412193,0.1068366334390436,503.2462491115274,9592679.133090105,33.316978710030504,9523546.954805618,806.1388483211786
group_6,ET_1,151614.27235116262,-198132.86137014284,13688924.100810999,920.1682051791853,-17936.206500899905,-16312763.062263833,-872.9607542975741,-14038290.321682746,-8925.633224717683,-198132.86137014284,271428.972887012,-18438231.332428496,-4505.814379944427,30189.043962341148,78206812.48124394,4.584672814111229,75247185.27370098,14987.726909130739,13688924.100810999,-18438231.332428496,1267315357.1542313,975.3072917536645,-1969065.2813560823,-4387318162.856026,-145437.55089783532,-4180684666.309434,-981146.563162727,920.1682051791853,-4505.814379944427,975.3072917536645,8107.328256120114,-198.83496386828045,-4891.015194951753,4002.627991585614,-5518.70569941587,0.38720484861784954,-17936.206500899905,30189.043962341148,-1969065.2813560823,-198.83496386828045,6161.760117243552,36300983.543526225,358.34216254814805,36039973.04340553,3068.313389110681,-16312763.062263833,78206812.48124394,-4387318162.856026,-4891.015194951753,36300983.543526225,462115911612.7351,2692793.081269798,467026895819.99927,18097164.419214517,-872.9607542975741,4.584672814111229,-145437.55089783532,4002.627991585614,358.34216254814805,2692793.081269798,2009.9702288074218,2673231.254506881,227.69490553338065,-14038290.321682746,75247185.27370098,-4180684666.309434,-5518.70569941587,36039973.04340553,467026895819.99927,2673231.254506881,472128793555.4646,17967257.823118642,-8925.633224717683,14987.726909130739,-981146.563162727,0.38720484861784954,3068.313389110681,18097164.419214517,227.69490553338065,17967257.823118642,1529.1188334730016
group_6,ET_2,215007.60267521304,-272515.24216705735,18552942.30853217,2757.029122959699,-25377.689720572045,-40352805.94139057,1274.1696845602596,-37305320.09436615,-13057.08121627827,-272515.24216705735,353783.331970638,-23876960.726500824,-1992.2589894889165,38188.924823413596,105794156.34485945,-1009.1933783002377,101970494.00425199,19647.0375467395,18552942.30853217,-23876960.726500824,1619724332.538376,980.1380140253525,-2437164.3942439854,-5598790529.435474,11076.238344857558,-5334488728.063963,-1253749.4120047651,2757.029122959699,-1992.2589894889165,980.1380140253525,10352.314346754236,15.311411169966938,-11407.255941551868,4370.8595477890985,-12287.0980578108,0.04336624578227201,-25377.689720572045,38188.924823413596,-2437164.3942439854,15.311411169966938,7380.098367241424,44839963.67374429,-27.280111238441677,44515030.351508796,3796.5766103568685,-40352805.94139057,105794156.34485945,-5598790529.435474,-11407.255941551868,44839963.67374429,588327108280.9469,-232667.86186986722,594564677645.9379,23067884.23180784,1274.1696845602596,-1009.1933783002377,11076.238344857558,4370.8595477890985,-27.280111238441677,-232667.86186986722,1845.5808359131174,-232192.11413945322,-17.34126487668172,-37305320.09436615,101970494.00425199,-5334488728.063963,-12287.0980578108,44515030.351508796,594564677645.9379,-232192.11413945322,601045601222.2922,22900742.025247492,-13057.08121627827,19647.0375467395,-1253749.4120047651,0.04336624578227201,3796.5766103568685,23067884.23180784,-17.34126487668172,22900742.025247492,1953.095692608329
group_6,ET_3,129172.27593853115,-173489.1204096291,11348915.952416673,3980.4358379058813,-15169.853547046907,-16023080.106881311,3052.5516390072316,-14143331.341241308,-7523.00369207701,-173489.1204096291,247939.6362908085,-15907530.596255561,-2825.165746730927,27375.791183577,78982820.47207373,-3241.8870782336985,76451490.79312208,13528.96789656966,11348915.952416673,-15907530.596255561,1036208848.0530621,378.04575889196946,-1622236.9360911231,-3559646643.15846,105348.49988656587,-3390725297.666022,-799924.8830567109,3980.4358379058813,-2825.165746730927,378.04575889196946,6594.4999348163055,142.52098752147884,-6914.301056083009,3417.774705681016,-7455.516131495764,-0.3057444802314822,-15169.853547046907,27375.791183577,-1622236.9360911231,142.52098752147884,5119.160424346373,29677694.863602534,-257.0038754930593,29458463.785487592,2522.5227439583723,-16023080.106881311,78982820.47207373,-3559646643.15846,-6914.301056083009,29677694.863602534,372139387231.6466,-1911634.4450482698,376064572954.38324,14629853.873791877,3052.5516390072316,-3241.8870782336985,105348.49988656587,3417.774705681016,-257.0038754930593,-1911634.4450482698,1792.753818397553,-1897421.7635354493,-163.29646104390486,-14143331.341241308,76451490.79312208,-3390725297.666022,-7455.516131495764,29458463.785487592,376064572954.38324,-1897421.7635354493,380144112693.33,14521678.610091811,-7523.00369207701,13528.96789656966,-799924.8830567109,-0.3057444802314822,2522.5227439583723,14629853.873791877,-163.29646104390486,14521678.610091811,1243.7558823786806
group_7,ET_1,30834.99301760707,-33424.794163026905,2341322.9892133153,671.0535598417514,3118.931846294733,-4931347.301449467,831.3815714056419,-4543446.101988053,-1644.72267746705,-33424.794163026905,39159.73858903284,-2618368.8136908486,1105.2065642669425,-3017.1228531112424,5493462.365255254,-1850.2718701330357,5060774.05567712,1836.1116945271808,2341322.9892133153,-2618368.8136908486,181597672.90640774,348.0620984649525,252604.1126724196,-627597030.9751291,99519.80690758483,-597852343.5714421,-140778.67949744768,671.0535598417514,1105.2065642669425,348.0620984649525,1161.9213212857471,291.254968298757,-788.1972338334494,-577.8152963097001,-869.2616740815193,-0.02569734171932226,3118.931846294733,-3017.1228531112424,252604.1126724196,291.254968298757,776.5961254149696,-4609829.469672135,132.74462207693415,-4575418.879916161,-392.63877307818495,-4931347.301449467,5493462.365255254,-627597030.9751291,-788.1972338334494,-4609829.469672135,65615878556.14538,-1815013.2390901707,66308329193.0316,2578909.893748626,831.3815714056419,-1850.2718701330357,99519.80690758483,-577.8152963097001,132.74462207693415,-1815013.2390901707,396.8680151000605,-1801298.558474042,-154.89219197751856,-4543446.101988053,5060774.05567712,-597852343.5714421,-869.2616740815193,-4575418.879916161,66308329193.0316,-1801298.558474042,67027989807.30943,2559877.8672397844,-1644.72267746705,1836.1116945271808,-140778.67949744768,-0.02569734171932226,-392.63877307818495,2578909.893748626,-154.89219197751856,2559877.8672397844,219.1076756772522
group_7,ET_2,16449.693573648998,-17315.453322475285,962008.7207995576,-482.7563831140894,1435.8650442064245,-5294849.302652471,881.04694415627,-5142890.554203898,-845.6442828624745,-17315.453322475285,22411.601245182264,-1104641.662412733,-735.0326309848399,-2023.4919016051992,6504839.403814843,-344.5528255850442,6332888.486023385,990.3315104729114,962008.7207995576,-1104641.662412733,59417301.00835364,118.95867320987459,85321.09572004645,-209634920.3382059,34090.682901555636,-199975092.6590307,-46172.200606956234,-482.7563831140894,-735.0326309848399,118.95867320987459,384.47148172713645,101.07748804504118,-262.0998347898333,-203.22493773005175,-288.95560182482893,-0.010065175282067806,1435.8650442064245,-2023.4919016051992,85321.09572004645,101.07748804504118,274.9268212829486,-1623390.2818929465,46.06574728889793,-1612972.1350444239,-134.1874480863692,-5294849.302652471,6504839.403814843,-209634920.3382059,-262.0998347898333,-1623390.2818929465,22521412349.850197,-650964.6751559188,22765545312.799347,872881.6084025402,881.04694415627,-344.5528255850442,34090.682901555636,-203.22493773005175,46.06574728889793,-650964.6751559188,147.29252077572116,-646795.1364416839,-53.752486332218396,-5142890.554203898,6332888.486023385,-199975092.6590307,-288.95560182482893,-1612972.1350444239,22765545312.799347,-646795.1364416839,23018882330.44979,867130.5131322042,-845.6442828624745,990.3315104729114,-46172.200606956234,-0.010065175282067806,-134.1874480863692,872881.6084025402,-53.752486332218396,867130.5131322042,72.50196957307149
group_7,ET_3,89533.45659392585,-100618.22210884794,6336453.286067993,-203.41793535553907,8886.376205089953,-22562030.333402254,3654.9622275791507,-21533018.137478553,-4930.382076963803,-100618.22210884794,113192.1543344292,-7123930.115771208,-348.50293604078263,-10168.840320156056,25753580.22488923,-3827.8612830236684,24599377.769366063,5560.034100834385,6336453.286067993,-7123930.115771208,448562428.60956585,873.8439300020848,631160.4558119228,-1561449690.5414143,250249.40569696628,-1488167086.392617,-348025.33504476375,-203.41793535553907,-348.50293604078263,873.8439300020848,2881.304465491283,735.9882451035799,-1958.208140772278,-1465.1802476480168,-2159.3106371429394,-0.068067254063438,8886.376205089953,-10168.840320156056,631160.4558119228,735.9882451035799,1974.0385520390344,-11690351.15360666,335.4341255882421,-11607498.295005605,-985.1200849183856,-22562030.333402254,25753580.22488923,-1561449690.5414143,-1958.208140772278,-11690351.15360666,164831315365.69876,-4644646.995022248,166587707486.5645,6446250.549333496,3654.9622275791507,-3827.8612830236684,250249.40569696628,-1465.1802476480168,335.4341255882421,-4644646.995022248,1027.0640154012751,-4611619.405782031,-391.4016388286001,-21533018.137478553,24599377.769366063,-1488167086.392617,-2159.3106371429394,-11607498.295005605,166587707486.5645,-4611619.405782031,168412098856.0719,6400485.475479256,-4930.382076963803,5560.034100834385,-348025.33504476375,-0.068067254063438,-985.1200849183856,6446250.549333496,-391.4016388286001,6400485.475479256,543.3399891641451
group_8,ET_1,55515.13977120388,53515.99840019464,-8005411.174849156,18.645997421628564,11703.554051941597,13574485.602479093,-4017.8855841847544,11916214.477452528,6223.743319527623,53515.99840019464,70049.93873738396,-8406892.494698048,4488.968701582161,20164.683502851294,89833714.31337366,-4242.675701458474,88364517.16320576,10208.646163771367,-8005411.174849156,-8406892.494698048,1183686809.8485408,1276.768479410907,-2021140.0558851033,-5168124750.741451,696484.0037257847,-4933448118.763977,-1075614.5465618318,18.645997421628564,4488.968701582161,1276.768479410907,9445.868620576844,2077.0982923638867,-5985.356259032081,4960.566391701213,-6639.923509737239,-0.02890334873846527,11703.554051941597,20164.683502851294,-2021140.0558851033,2077.0982923638867,6741.971565375313,40051356.049405694,-1071.9961452545613,39767088.388205305,3346.8398074332094,13574485.602479093,89833714.31337366,-5168124750.741451,-5985.356259032081,40051356.049405694,546121026436.93396,-13774372.1308895,551933898461.5304,21367792.715187594,-4017.8855841847544,-4242.675701458474,696484.0037257847,4960.566391701213,-1071.9961452545613,-13774372.1308895,3349.363583676957,-13676628.36262222,-1151.6979092189604,11916214.477452528,88364517.16320576,-4933448118.763977,-6639.923509737239,39767088.388205305,551933898461.5304,-13676628.36262222,557971968694.0778,21217618.46773681,6223.743319527623,10208.646163771367,-1075614.5465618318,-0.02890334873846527,3346.8398074332094,21367792.715187594,-1151.6979092189604,21217618.46773681,1782.183546861389
