{
 "cells": [
  {
   "cell_type": "code",
   "execution_count": 18,
   "id": "71e42a5f-4016-40f3-bf3c-f9d3754c1d45",
   "metadata": {},
   "outputs": [
    {
     "name": "stdout",
     "output_type": "stream",
     "text": [
      "[array([135.47015588, 144.68392831, 226.74049058]), array([[ 4.88439419e+06,  6.28884176e+05,  3.94922216e+08,\n",
      "         1.58546254e+04,  1.30809358e+06, -5.33741930e+09,\n",
      "        -7.25350220e+03, -5.28083064e+09, -5.14043623e+05],\n",
      "       [ 6.28884176e+05,  1.02318971e+06, -1.50416305e+08,\n",
      "        -4.58361328e+04,  2.75853785e+05, -1.52930408e+09,\n",
      "         2.08454070e+04, -1.55837793e+09,  9.59233631e+03],\n",
      "       [ 3.94922216e+08, -1.50416305e+08,  7.52393549e+10,\n",
      "        -3.27933212e+04,  8.27921534e+07, -2.60342498e+11,\n",
      "         2.35227745e+04, -2.48092420e+11, -5.81903462e+07],\n",
      "       [ 1.58546254e+04, -4.58361328e+04, -3.27933212e+04,\n",
      "         4.80865364e+05,  2.96859771e+01, -4.78015116e+05,\n",
      "        -2.16041829e+05, -5.20066374e+05,  6.72039678e+00],\n",
      "       [ 1.30809358e+06,  2.75853785e+05,  8.27921534e+07,\n",
      "         2.96859771e+01,  3.62576635e+05, -1.52859861e+09,\n",
      "        -6.30912622e+00, -1.51766899e+09, -1.29054804e+05],\n",
      "       [-5.33741930e+09, -1.52930408e+09, -2.60342498e+11,\n",
      "        -4.78015116e+05, -1.52859861e+09,  2.74473998e+13,\n",
      "         9.71786021e+04,  2.77393538e+13,  1.07437624e+09],\n",
      "       [-7.25350220e+03,  2.08454070e+04,  2.35227745e+04,\n",
      "        -2.16041829e+05, -6.30912622e+00,  9.71786021e+04,\n",
      "         2.94539567e+05,  1.17802612e+05, -1.22084467e+01],\n",
      "       [-5.28083064e+09, -1.55837793e+09, -2.48092420e+11,\n",
      "        -5.20066374e+05, -1.51766899e+09,  2.77393538e+13,\n",
      "         1.17802612e+05,  2.80426406e+13,  1.06669484e+09],\n",
      "       [-5.14043623e+05,  9.59233631e+03, -5.81903462e+07,\n",
      "         6.72039678e+00, -1.29054804e+05,  1.07437624e+09,\n",
      "        -1.22084467e+01,  1.06669484e+09,  9.07104124e+04]]), array([[[ 7.24766599e+05,  3.21968862e+05,  1.22235422e+07,\n",
      "          3.11272184e+03,  2.21340258e+05, -2.83984553e+09,\n",
      "         -1.41265775e+03, -2.88557659e+09, -8.09933018e+04],\n",
      "        [ 3.21968862e+05,  1.48136202e+05,  4.58167025e+06,\n",
      "         -8.61468321e+03,  9.89048401e+04, -1.07506198e+09,\n",
      "          3.92885540e+03, -1.09250098e+09, -3.04729971e+04],\n",
      "        [ 1.22235422e+07,  4.58167025e+06,  3.89057074e+08,\n",
      "          3.08292984e+01,  3.63257872e+06, -8.81065217e+10,\n",
      "          5.17139864e+02, -8.94979039e+10, -2.55326924e+06],\n",
      "        [ 3.11272184e+03, -8.61468321e+03,  3.08292984e+01,\n",
      "          8.97380479e+04,  5.72292017e+00, -2.11142405e+05,\n",
      "         -4.03121573e+04, -2.24049624e+05, -9.76358272e-01],\n",
      "        [ 2.21340258e+05,  9.89048401e+04,  3.63257872e+06,\n",
      "          5.72292017e+00,  6.76619778e+04, -8.45212060e+08,\n",
      "          2.92275338e+00, -8.58838006e+08, -2.40832225e+04],\n",
      "        [-2.83984553e+09, -1.07506198e+09, -8.81065217e+10,\n",
      "         -2.11142405e+05, -8.45212060e+08,  2.14309259e+13,\n",
      "         -4.16816183e+03,  2.17876943e+13,  5.94071404e+08],\n",
      "        [-1.41265775e+03,  3.92885540e+03,  5.17139864e+02,\n",
      "         -4.03121573e+04,  2.92275338e+00, -4.16816183e+03,\n",
      "          5.49552973e+04,  3.15821346e+02, -2.80504137e+00],\n",
      "        [-2.88557659e+09, -1.09250098e+09, -8.94979039e+10,\n",
      "         -2.24049624e+05, -8.58838006e+08,  2.17876943e+13,\n",
      "          3.15821346e+02,  2.21506147e+13,  6.03648479e+08],\n",
      "        [-8.09933018e+04, -3.04729971e+04, -2.55326924e+06,\n",
      "         -9.76358272e-01, -2.40832225e+04,  5.94071404e+08,\n",
      "         -2.80504137e+00,  6.03648479e+08,  1.69275118e+04]],\n",
      "\n",
      "       [[ 4.88439419e+06,  6.28884176e+05,  3.94922216e+08,\n",
      "          1.58546254e+04,  1.30809358e+06, -5.33741930e+09,\n",
      "         -7.25350220e+03, -5.28083064e+09, -5.14043623e+05],\n",
      "        [ 6.28884176e+05,  1.02318971e+06, -1.50416305e+08,\n",
      "         -4.58361328e+04,  2.75853785e+05, -1.52930408e+09,\n",
      "          2.08454070e+04, -1.55837793e+09,  9.59233631e+03],\n",
      "        [ 3.94922216e+08, -1.50416305e+08,  7.52393549e+10,\n",
      "         -3.27933212e+04,  8.27921534e+07, -2.60342498e+11,\n",
      "          2.35227745e+04, -2.48092420e+11, -5.81903462e+07],\n",
      "        [ 1.58546254e+04, -4.58361328e+04, -3.27933212e+04,\n",
      "          4.80865364e+05,  2.96859771e+01, -4.78015116e+05,\n",
      "         -2.16041829e+05, -5.20066374e+05,  6.72039678e+00],\n",
      "        [ 1.30809358e+06,  2.75853785e+05,  8.27921534e+07,\n",
      "          2.96859771e+01,  3.62576635e+05, -1.52859861e+09,\n",
      "         -6.30912622e+00, -1.51766899e+09, -1.29054804e+05],\n",
      "        [-5.33741930e+09, -1.52930408e+09, -2.60342498e+11,\n",
      "         -4.78015116e+05, -1.52859861e+09,  2.74473998e+13,\n",
      "          9.71786021e+04,  2.77393538e+13,  1.07437624e+09],\n",
      "        [-7.25350220e+03,  2.08454070e+04,  2.35227745e+04,\n",
      "         -2.16041829e+05, -6.30912622e+00,  9.71786021e+04,\n",
      "          2.94539567e+05,  1.17802612e+05, -1.22084467e+01],\n",
      "        [-5.28083064e+09, -1.55837793e+09, -2.48092420e+11,\n",
      "         -5.20066374e+05, -1.51766899e+09,  2.77393538e+13,\n",
      "          1.17802612e+05,  2.80426406e+13,  1.06669484e+09],\n",
      "        [-5.14043623e+05,  9.59233631e+03, -5.81903462e+07,\n",
      "          6.72039678e+00, -1.29054804e+05,  1.07437624e+09,\n",
      "         -1.22084467e+01,  1.06669484e+09,  9.07104124e+04]]]), array([[ 56.38946824, 123.17625991],\n",
      "       [ 64.66254134, 129.43027025],\n",
      "       [ 97.79894096, 204.56445736]])]\n"
     ]
    }
   ],
   "source": [
    "import numpy as np\n",
    "import pickle\n",
    "\n",
    "# 加载数据\n",
    "with open('R_ET_1_ET_2_ET_3_0.pkl', 'rb') as file:\n",
    "    data = pickle.load(file)\n",
    "print(data)\n",
    "\n",
    "# 提取9x9的 Fisher 矩阵\n",
    "fisher_matrix_1 = data[1]\n",
    "fisher_matrix_2 = data[2][0]\n",
    "fisher_matrix_3 = data[2][1]"
   ]
  },
  {
   "cell_type": "code",
   "execution_count": 19,
   "id": "573bfda2-b816-4bab-b509-c0eacec134ad",
   "metadata": {},
   "outputs": [],
   "source": [
    "# 动态正则化项函数\n",
    "def get_dynamic_epsilon(matrix):\n",
    "    cond_number = np.linalg.cond(matrix)\n",
    "    eigvals = np.linalg.eigvals(matrix)\n",
    "    eigval_std = np.std(eigvals)\n",
    "    \n",
    "    if cond_number > 1e20 or eigval_std > 1e2:\n",
    "        return 1e-2\n",
    "    elif cond_number > 1e16 or eigval_std > 1e1:\n",
    "        return 1e-3\n",
    "    elif cond_number > 1e12:\n",
    "        return 1e-4\n",
    "    else:\n",
    "        return 1e-6\n",
    "\n",
    "# 强化特征值裁剪，确保特征值在更严格的范围内\n",
    "def ensure_positive_definite(matrix, matrix_name=\"\"):\n",
    "    eigvals, eigvecs = np.linalg.eigh(matrix)\n",
    "    \n",
    "    # 打印特征值供调试\n",
    "    print(f\"{matrix_name} Eigenvalues before clipping: {eigvals}\")\n",
    "    \n",
    "    # 将特征值限制在 [1e-2, 1e3] 之间，避免极端特征值\n",
    "    eigvals_clipped = np.clip(eigvals, 1e-2, 1e3)\n",
    "    \n",
    "    # 打印裁剪后的特征值\n",
    "    print(f\"{matrix_name} Eigenvalues after clipping: {eigvals_clipped}\")\n",
    "    \n",
    "    # 重构正定矩阵\n",
    "    matrix_pos_def = eigvecs @ np.diag(eigvals_clipped) @ eigvecs.T\n",
    "    return matrix_pos_def\n",
    "\n",
    "# 正则化矩阵\n",
    "def regularize_matrix(matrix, matrix_name=\"\"):\n",
    "    epsilon = get_dynamic_epsilon(matrix)\n",
    "    \n",
    "    # 打印条件数供调试\n",
    "    cond_number = np.linalg.cond(matrix)\n",
    "    if cond_number > 1e12:\n",
    "        print(f\"Matrix condition number is high ({cond_number}), adding regularization with epsilon {epsilon}.\")\n",
    "    \n",
    "    # 确保矩阵对称性\n",
    "    matrix_sym = (matrix + matrix.T) / 2\n",
    "    return ensure_positive_definite(matrix_sym + epsilon * np.eye(matrix.shape[0]), matrix_name)"
   ]
  },
  {
   "cell_type": "code",
   "execution_count": 20,
   "id": "939e92f2-9118-4daa-97de-68c597270fe3",
   "metadata": {},
   "outputs": [
    {
     "name": "stdout",
     "output_type": "stream",
     "text": [
      "Matrix condition number is high (49331252765552.74), adding regularization with epsilon 0.01.\n",
      "matrix_1 Eigenvalues before clipping: [1.13565569e+00 3.66735504e+02 6.96719573e+02 1.52860959e+05\n",
      " 6.27368455e+05 2.51884792e+06 2.47787916e+09 7.45020720e+10\n",
      " 5.54883037e+13]\n",
      "matrix_1 Eigenvalues after clipping: [   1.13565569  366.73550391  696.71957299 1000.         1000.\n",
      " 1000.         1000.         1000.         1000.        ]\n",
      "Matrix condition number is high (2.6226194699865115e+21), adding regularization with epsilon 0.01.\n",
      "matrix_2 Eigenvalues before clipping: [9.34878557e-03 1.02539811e-02 1.15131793e-02 2.85227322e+04\n",
      " 1.12816508e+05 1.18491127e+05 4.62886377e+05 1.31671512e+08\n",
      " 4.35817983e+13]\n",
      "matrix_2 Eigenvalues after clipping: [1.00000000e-02 1.02539811e-02 1.15131793e-02 1.00000000e+03\n",
      " 1.00000000e+03 1.00000000e+03 1.00000000e+03 1.00000000e+03\n",
      " 1.00000000e+03]\n",
      "Matrix condition number is high (49331252765552.74), adding regularization with epsilon 0.01.\n",
      "matrix_3 Eigenvalues before clipping: [1.13565569e+00 3.66735504e+02 6.96719573e+02 1.52860959e+05\n",
      " 6.27368455e+05 2.51884792e+06 2.47787916e+09 7.45020720e+10\n",
      " 5.54883037e+13]\n",
      "matrix_3 Eigenvalues after clipping: [   1.13565569  366.73550391  696.71957299 1000.         1000.\n",
      " 1000.         1000.         1000.         1000.        ]\n",
      "Shape of fisher_matrix_1: (9, 9)\n",
      "Shape of cov_matrix_1: (9, 9)\n"
     ]
    }
   ],
   "source": [
    "# 计算协方差矩阵\n",
    "def compute_covariance(fisher_matrix, matrix_name=\"\"):\n",
    "    reg_matrix = regularize_matrix(fisher_matrix, matrix_name)\n",
    "    cov_matrix = np.linalg.pinv(reg_matrix)\n",
    "    return cov_matrix\n",
    "\n",
    "cov_matrix_1 = compute_covariance(fisher_matrix_1, \"matrix_1\")\n",
    "cov_matrix_2 = compute_covariance(fisher_matrix_2, \"matrix_2\")\n",
    "cov_matrix_3 = compute_covariance(fisher_matrix_3, \"matrix_3\")\n",
    "\n",
    "# 打印验证\n",
    "print(\"Shape of fisher_matrix_1:\", fisher_matrix_1.shape)\n",
    "print(\"Shape of cov_matrix_1:\", cov_matrix_1.shape)"
   ]
  },
  {
   "cell_type": "code",
   "execution_count": 21,
   "id": "2994089b-24d0-4a1b-9ec3-acc3f7271a8d",
   "metadata": {},
   "outputs": [
    {
     "name": "stdout",
     "output_type": "stream",
     "text": [
      "matrix_12 Eigenvalues before clipping: [2.00000000e-03 2.00000000e-03 2.00000000e-03 2.00000000e-03\n",
      " 2.00000000e-03 2.00000000e-03 8.68579810e+01 9.75240978e+01\n",
      " 1.00001000e+02]\n",
      "matrix_12 Eigenvalues after clipping: [1.00000000e-02 1.00000000e-02 1.00000000e-02 1.00000000e-02\n",
      " 1.00000000e-02 1.00000000e-02 8.68579810e+01 9.75240978e+01\n",
      " 1.00001000e+02]\n",
      "matrix_12 KL term1 (Trace): 0.609641976078252\n",
      "matrix_12 KL term2 (Log determinant difference): 40.043298703166606\n",
      "matrix_12 KL term3 (Mean difference): 1.8757419818071956\n",
      "matrix_12 KL result: 16.764341330526026\n",
      "matrix_13 Eigenvalues before clipping: [0.001001   0.001001   0.001001   0.001001   0.001001   0.001001\n",
      " 0.0014363  0.00272776 0.88054957]\n",
      "matrix_13 Eigenvalues after clipping: [0.01       0.01       0.01       0.01       0.01       0.01\n",
      " 0.01       0.01       0.88054957]\n",
      "matrix_13 KL term1 (Trace): 2.01620471533591\n",
      "matrix_13 KL term2 (Log determinant difference): 17.056195207568464\n",
      "matrix_13 KL term3 (Mean difference): 0.0\n",
      "matrix_13 KL result: 5.036199961452187\n",
      "matrix_23 Eigenvalues before clipping: [0.001001   0.001001   0.001001   0.001001   0.001001   0.001001\n",
      " 0.0014363  0.00272776 0.88054957]\n",
      "matrix_23 Eigenvalues after clipping: [0.01       0.01       0.01       0.01       0.01       0.01\n",
      " 0.01       0.01       0.88054957]\n",
      "matrix_23 KL term1 (Trace): 250\n",
      "matrix_23 KL term2 (Log determinant difference): -9.171561170637304\n",
      "matrix_23 KL term3 (Mean difference): 250\n",
      "matrix_23 KL result: 240.91421941468136\n",
      "KL Divergence between matrix 1 and matrix 2: 16.764341330526026\n",
      "KL Divergence between matrix 1 and matrix 3: 5.036199961452187\n",
      "KL Divergence between matrix 2 and matrix 3: 240.91421941468136\n"
     ]
    }
   ],
   "source": [
    "# 优化均值计算\n",
    "mean1 = np.mean(cov_matrix_1, axis=0)\n",
    "mean2 = np.mean(cov_matrix_2, axis=0)\n",
    "mean3 = np.mean(cov_matrix_3, axis=0)\n",
    "\n",
    "# 动态调节 KL 散度中的 Trace 和均值差项\n",
    "def dynamic_clip(value, threshold=250):\n",
    "    \"\"\"动态限制数值的最大值\"\"\"\n",
    "    return min(value, threshold)\n",
    "\n",
    "def kl_divergence(cov1, mean1, cov2, mean2, matrix_name=\"\"):\n",
    "    \"\"\"\n",
    "    计算两个多元高斯分布之间的KL散度\n",
    "    \"\"\"\n",
    "    # 正定化矩阵\n",
    "    cov2_regularized = regularize_matrix(cov2, matrix_name)\n",
    "    \n",
    "    # 检查特征值\n",
    "    eigvals_cov2 = np.linalg.eigvals(cov2_regularized)\n",
    "    if np.any(eigvals_cov2 <= 0):\n",
    "        print(f\"Matrix {matrix_name} has non-positive eigenvalues, skipping KL computation.\")\n",
    "        return np.nan\n",
    "    \n",
    "    # 使用标准逆矩阵\n",
    "    try:\n",
    "        inv_cov2 = np.linalg.inv(cov2_regularized)\n",
    "    except np.linalg.LinAlgError:\n",
    "        print(f\"Matrix {matrix_name} inversion failed, skipping KL computation.\")\n",
    "        return np.nan\n",
    "    \n",
    "    # 计算 Trace 项\n",
    "    term1 = np.trace(inv_cov2 @ cov1)\n",
    "    term1 = dynamic_clip(term1, 250)  # 限制 Trace 项\n",
    "    print(f\"{matrix_name} KL term1 (Trace): {term1}\")\n",
    "    \n",
    "    # 计算行列式对数差\n",
    "    sign1, logdet1 = np.linalg.slogdet(cov1)\n",
    "    sign2, logdet2 = np.linalg.slogdet(cov2_regularized)\n",
    "    \n",
    "    if sign1 <= 0 or sign2 <= 0:\n",
    "        print(f\"Matrix {matrix_name} determinant is non-positive.\")\n",
    "        return np.nan\n",
    "    \n",
    "    term2 = logdet2 - logdet1\n",
    "    print(f\"{matrix_name} KL term2 (Log determinant difference): {term2}\")\n",
    "    \n",
    "    # 计算均值差项\n",
    "    term3 = (mean2 - mean1).T @ inv_cov2 @ (mean2 - mean1)\n",
    "    term3 = dynamic_clip(term3, 250)  # 限制均值差项\n",
    "    print(f\"{matrix_name} KL term3 (Mean difference): {term3}\")\n",
    "    \n",
    "    # 计算 KL 散度\n",
    "    result = 0.5 * (term1 + term2 + term3 - cov1.shape[0])\n",
    "    print(f\"{matrix_name} KL result: {result}\")\n",
    "    \n",
    "    return max(result, 0)\n",
    "\n",
    "# 计算并输出每两个矩阵之间的KL散度\n",
    "kl_12 = kl_divergence(cov_matrix_1, mean1, cov_matrix_2, mean2, \"matrix_12\")\n",
    "kl_13 = kl_divergence(cov_matrix_1, mean1, cov_matrix_3, mean3, \"matrix_13\")\n",
    "kl_23 = kl_divergence(cov_matrix_2, mean2, cov_matrix_3, mean3, \"matrix_23\")\n",
    "\n",
    "print(f\"KL Divergence between matrix 1 and matrix 2: {kl_12}\")\n",
    "print(f\"KL Divergence between matrix 1 and matrix 3: {kl_13}\")\n",
    "print(f\"KL Divergence between matrix 2 and matrix 3: {kl_23}\")"
   ]
  },
  {
   "cell_type": "code",
   "execution_count": null,
   "id": "cd0882d5-1bfa-4d78-b677-e0f34264e14e",
   "metadata": {},
   "outputs": [],
   "source": []
  },
  {
   "cell_type": "code",
   "execution_count": null,
   "id": "4a0395c7-b7d4-4321-ad16-7b0452fe1003",
   "metadata": {},
   "outputs": [],
   "source": []
  }
 ],
 "metadata": {
  "kernelspec": {
   "display_name": "Python 3 (ipykernel)",
   "language": "python",
   "name": "python3"
  },
  "language_info": {
   "codemirror_mode": {
    "name": "ipython",
    "version": 3
   },
   "file_extension": ".py",
   "mimetype": "text/x-python",
   "name": "python",
   "nbconvert_exporter": "python",
   "pygments_lexer": "ipython3",
   "version": "3.8.0"
  }
 },
 "nbformat": 4,
 "nbformat_minor": 5
}
