{
 "cells": [
  {
   "cell_type": "code",
   "execution_count": 4,
   "id": "11b10fc9-5c5a-4a6d-ba66-39ea9e32d163",
   "metadata": {},
   "outputs": [
    {
     "name": "stdout",
     "output_type": "stream",
     "text": [
      "内容:\n",
      "[array([135.47015588, 144.68392831, 226.74049058]), array([[ 4.88439419e+06,  6.28884176e+05,  3.94922216e+08,\n",
      "         1.58546254e+04,  1.30809358e+06, -5.33741930e+09,\n",
      "        -7.25350220e+03, -5.28083064e+09, -5.14043623e+05],\n",
      "       [ 6.28884176e+05,  1.02318971e+06, -1.50416305e+08,\n",
      "        -4.58361328e+04,  2.75853785e+05, -1.52930408e+09,\n",
      "         2.08454070e+04, -1.55837793e+09,  9.59233631e+03],\n",
      "       [ 3.94922216e+08, -1.50416305e+08,  7.52393549e+10,\n",
      "        -3.27933212e+04,  8.27921534e+07, -2.60342498e+11,\n",
      "         2.35227745e+04, -2.48092420e+11, -5.81903462e+07],\n",
      "       [ 1.58546254e+04, -4.58361328e+04, -3.27933212e+04,\n",
      "         4.80865364e+05,  2.96859771e+01, -4.78015116e+05,\n",
      "        -2.16041829e+05, -5.20066374e+05,  6.72039678e+00],\n",
      "       [ 1.30809358e+06,  2.75853785e+05,  8.27921534e+07,\n",
      "         2.96859771e+01,  3.62576635e+05, -1.52859861e+09,\n",
      "        -6.30912622e+00, -1.51766899e+09, -1.29054804e+05],\n",
      "       [-5.33741930e+09, -1.52930408e+09, -2.60342498e+11,\n",
      "        -4.78015116e+05, -1.52859861e+09,  2.74473998e+13,\n",
      "         9.71786021e+04,  2.77393538e+13,  1.07437624e+09],\n",
      "       [-7.25350220e+03,  2.08454070e+04,  2.35227745e+04,\n",
      "        -2.16041829e+05, -6.30912622e+00,  9.71786021e+04,\n",
      "         2.94539567e+05,  1.17802612e+05, -1.22084467e+01],\n",
      "       [-5.28083064e+09, -1.55837793e+09, -2.48092420e+11,\n",
      "        -5.20066374e+05, -1.51766899e+09,  2.77393538e+13,\n",
      "         1.17802612e+05,  2.80426406e+13,  1.06669484e+09],\n",
      "       [-5.14043623e+05,  9.59233631e+03, -5.81903462e+07,\n",
      "         6.72039678e+00, -1.29054804e+05,  1.07437624e+09,\n",
      "        -1.22084467e+01,  1.06669484e+09,  9.07104124e+04]]), array([[[ 7.24766599e+05,  3.21968862e+05,  1.22235422e+07,\n",
      "          3.11272184e+03,  2.21340258e+05, -2.83984553e+09,\n",
      "         -1.41265775e+03, -2.88557659e+09, -8.09933018e+04],\n",
      "        [ 3.21968862e+05,  1.48136202e+05,  4.58167025e+06,\n",
      "         -8.61468321e+03,  9.89048401e+04, -1.07506198e+09,\n",
      "          3.92885540e+03, -1.09250098e+09, -3.04729971e+04],\n",
      "        [ 1.22235422e+07,  4.58167025e+06,  3.89057074e+08,\n",
      "          3.08292984e+01,  3.63257872e+06, -8.81065217e+10,\n",
      "          5.17139864e+02, -8.94979039e+10, -2.55326924e+06],\n",
      "        [ 3.11272184e+03, -8.61468321e+03,  3.08292984e+01,\n",
      "          8.97380479e+04,  5.72292017e+00, -2.11142405e+05,\n",
      "         -4.03121573e+04, -2.24049624e+05, -9.76358272e-01],\n",
      "        [ 2.21340258e+05,  9.89048401e+04,  3.63257872e+06,\n",
      "          5.72292017e+00,  6.76619778e+04, -8.45212060e+08,\n",
      "          2.92275338e+00, -8.58838006e+08, -2.40832225e+04],\n",
      "        [-2.83984553e+09, -1.07506198e+09, -8.81065217e+10,\n",
      "         -2.11142405e+05, -8.45212060e+08,  2.14309259e+13,\n",
      "         -4.16816183e+03,  2.17876943e+13,  5.94071404e+08],\n",
      "        [-1.41265775e+03,  3.92885540e+03,  5.17139864e+02,\n",
      "         -4.03121573e+04,  2.92275338e+00, -4.16816183e+03,\n",
      "          5.49552973e+04,  3.15821346e+02, -2.80504137e+00],\n",
      "        [-2.88557659e+09, -1.09250098e+09, -8.94979039e+10,\n",
      "         -2.24049624e+05, -8.58838006e+08,  2.17876943e+13,\n",
      "          3.15821346e+02,  2.21506147e+13,  6.03648479e+08],\n",
      "        [-8.09933018e+04, -3.04729971e+04, -2.55326924e+06,\n",
      "         -9.76358272e-01, -2.40832225e+04,  5.94071404e+08,\n",
      "         -2.80504137e+00,  6.03648479e+08,  1.69275118e+04]],\n",
      "\n",
      "       [[ 4.88439419e+06,  6.28884176e+05,  3.94922216e+08,\n",
      "          1.58546254e+04,  1.30809358e+06, -5.33741930e+09,\n",
      "         -7.25350220e+03, -5.28083064e+09, -5.14043623e+05],\n",
      "        [ 6.28884176e+05,  1.02318971e+06, -1.50416305e+08,\n",
      "         -4.58361328e+04,  2.75853785e+05, -1.52930408e+09,\n",
      "          2.08454070e+04, -1.55837793e+09,  9.59233631e+03],\n",
      "        [ 3.94922216e+08, -1.50416305e+08,  7.52393549e+10,\n",
      "         -3.27933212e+04,  8.27921534e+07, -2.60342498e+11,\n",
      "          2.35227745e+04, -2.48092420e+11, -5.81903462e+07],\n",
      "        [ 1.58546254e+04, -4.58361328e+04, -3.27933212e+04,\n",
      "          4.80865364e+05,  2.96859771e+01, -4.78015116e+05,\n",
      "         -2.16041829e+05, -5.20066374e+05,  6.72039678e+00],\n",
      "        [ 1.30809358e+06,  2.75853785e+05,  8.27921534e+07,\n",
      "          2.96859771e+01,  3.62576635e+05, -1.52859861e+09,\n",
      "         -6.30912622e+00, -1.51766899e+09, -1.29054804e+05],\n",
      "        [-5.33741930e+09, -1.52930408e+09, -2.60342498e+11,\n",
      "         -4.78015116e+05, -1.52859861e+09,  2.74473998e+13,\n",
      "          9.71786021e+04,  2.77393538e+13,  1.07437624e+09],\n",
      "        [-7.25350220e+03,  2.08454070e+04,  2.35227745e+04,\n",
      "         -2.16041829e+05, -6.30912622e+00,  9.71786021e+04,\n",
      "          2.94539567e+05,  1.17802612e+05, -1.22084467e+01],\n",
      "        [-5.28083064e+09, -1.55837793e+09, -2.48092420e+11,\n",
      "         -5.20066374e+05, -1.51766899e+09,  2.77393538e+13,\n",
      "          1.17802612e+05,  2.80426406e+13,  1.06669484e+09],\n",
      "        [-5.14043623e+05,  9.59233631e+03, -5.81903462e+07,\n",
      "          6.72039678e+00, -1.29054804e+05,  1.07437624e+09,\n",
      "         -1.22084467e+01,  1.06669484e+09,  9.07104124e+04]]]), array([[ 56.38946824, 123.17625991],\n",
      "       [ 64.66254134, 129.43027025],\n",
      "       [ 97.79894096, 204.56445736]])]\n"
     ]
    }
   ],
   "source": [
    "import pickle\n",
    "\n",
    "# 指定.pkl文件的路径\n",
    "file_path = \"./R_ET_1_ET_2_ET_3_0.pkl\"\n",
    "\n",
    "# 打开并读取.pkl文件中的数据\n",
    "with open(file_path, 'rb') as f:\n",
    "    data = pickle.load(f)\n",
    "\n",
    "# 打印数据的类型和内容\n",
    "print(\"内容:\")\n",
    "print(data)"
   ]
  },
  {
   "cell_type": "code",
   "execution_count": null,
   "id": "b76416be-7be8-4fd4-b8a9-93a48b0925a9",
   "metadata": {},
   "outputs": [],
   "source": []
  }
 ],
 "metadata": {
  "kernelspec": {
   "display_name": "Python 3 (ipykernel)",
   "language": "python",
   "name": "python3"
  },
  "language_info": {
   "codemirror_mode": {
    "name": "ipython",
    "version": 3
   },
   "file_extension": ".py",
   "mimetype": "text/x-python",
   "name": "python",
   "nbconvert_exporter": "python",
   "pygments_lexer": "ipython3",
   "version": "3.8.0"
  }
 },
 "nbformat": 4,
 "nbformat_minor": 5
}
